792475532
792646332
792516063
792170132
784395506
784395520
784395536
784395521
784395527
784395510
784395505
784395517
784395541
784395561
784395563
784395502
784395513
792295262
792446033
792209059
792073217
786663191
785962884
792442898
786212873
785978358
785890270
786592390
792009075
792182659
792460992
792108261
786702694
792207122
792208490
792045377
792038848
792716313
786720283
786796260
792478874
786752693
786046070
792057177
792076796
792027884
792366092
786449375
786020324
786183823
792745532
792681432
792680832
792708432
792707932
792350732
792485032
785621782
786458873
785682261
785688863
785789175
786292394
785908423
786331447
786319078
785600573
786312485
785658267
785591185
785707572
786323194
792005776
792310632
792286432
792356932
783321569
798779485
783321689
783321669
783320289
783320269
783320489
784574758
784578167
784574798
784574858
707446732
797466534
798495590
792931269
792599269
792615269
792632269
792651269
792679269
792682269
792703269
792715269
792762269
792880269
792577269
792561269
792531269
792524269
792517269
792519269
792493269
792476269
792468269
792465269
792981269
792820269
792785269
792784269
792775269
792771269
792770269
792160269
792306269
792145269
783235278
783235286
783236486
783236489
783236689
783236089
783234266
783235586
783236399
783235866
783235878
783234899
783235978
783235466
783235478
783236769
783234269
783235966
783236589
783234186
783235092
798243396
798387996
798592585
798955274
798755096
798410563
703681734
797970559
785420076
798700358
792134732
774152858
772656658
783513983
792594832
792000616
798708267
798706326
798703392
798760370
798704387
798742632
785169498
792551032
797278152
792215932
785201687
785204873
785204085
785206075
707372898
703555898
708877898
708550898
792335432
792142050
792140562
792705832
792276932
792384332
792380532
792229632
784213150
784215371
784217643
784215494
784218084
784217798
784217285
785021599
785823565
785652080
785018692
785711959
785591373
785771969
785819010
785301608
785747794
785385876
785339304
785265570
785716974
785718192
785146387
785543689
785568987
785635294
785237977
792088732
783318799
783318759
783318189
783318069
783319489
783319089
783318219
783317769
798138275
798142430
792018872
792052954
792053167
793821877
793805998
784542361
784394598
784517837
784588381
784488291
784123971
784659863
783696573
784538759
783637764
784485374
784307562
784416594
783671577
783216159
783224862
783232866
783213165
783233089
783232986
783217260
798539631
799706435
783215065
783215075
783215175
783217175
783217195
783215035
783214985
783217085
792002197
792003065
784901076
785124159
784880297
785961147
785122919
785940648
785940667
792915497
792910594
792944574
792455932
792171564
792172471
792172091
792172680
792173085
792172562
784942765
785075971
785125266
785024775
785013660
707668530
703566825
704466884
708476681
703668783
707668761
708366864
793487058
797236396
793730796
797450264
792329173
792011074
792009883
784406152
784403476