904405248
903387158
902367158
909169033
906603658
906632158
904401906
906860657
903318397
906153826
903484147
901942438
902923318
906860918
902803318
903177861
903368725
906324158
902324608
902427152
902625477
902730477
902316418
909329418
938957700
938954224
938571441
909941927
906925445
902590330
938786660
902377792
907548126
903094508
901842557
902578455
909840690
902488056
903304218
902613509
903736126
906391758
906773628
901815805
909427708
901298348
901317921
903932806
906882035
901897885
906339235
906961935
909269935
906901683
903736845
901428718
901384255
909871395
909328795
906980132
907467609
907475209
907465948
902973709
902654307
901454107
906705406
904914016
901872720
909793303
909921808
906294958
902521458
903154129
902821436
901854029
903367148
903156248
903361348
904806448
902916548
906954388
909126056
909935608
906864856
903119756
902901429
931835650
931821740
931410487
931827410
902901540
702801033
906974960
902895780
932131940
902837830
902593630
931840156
931819534
937673504
902726530
938502408
903025106
909309764
936101395
932300584
936768975
938338761
931821546
902554024
902055846
902055409
902909640
